max_1 =

   87.1000


min_1 =

   82.3000


max_2 =

   90.4000


min_2 =

   88.6000


max_3 =

    89


min_3 =

   80.3000
